AVERAGE_CLUSTERING=0.021349652215530653
AVERAGE_DEGREE=25.364
AVERAGE_DISTANCE=3.0982786068051715
