AVERAGE_CLUSTERING=0.04686688364522121
AVERAGE_DEGREE=50.348
AVERAGE_DISTANCE=2.6335855855855854
