AVERAGE_CLUSTERING=0.1024870502337309
AVERAGE_DEGREE=99.948
AVERAGE_DISTANCE=2.3163303303303304
